-   model: roomate_app.apartment
    pk: 1
    fields:
        date_added: 2020-08-23 04:45:36.956567+00:00
        token: 6d2f8a2e9102b3bb5b636ee1c2d67df6caebc992
-   model: roomate_app.myuser
    pk: 1
    fields:
        user: 1
        myApt: 1
        date_added: 2020-08-20 23:29:33.532824+00:00
-   model: roomate_app.myuser
    pk: 2
    fields:
        user: 2
        myApt: 1
        date_added: 2020-08-23 04:50:27.806469+00:00
-   model: roomate_app.myuser
    pk: 3
    fields:
        user: 3
        myApt: 1
        date_added: 2020-08-23 04:54:06.335526+00:00
